2.255E-08
2.329E-08
2.356E-08
2.331E-08
2.375E-08
2.497E-08
2.596E-08
2.406E-08
2.673E-08
2.931E-08
2.84E-08
2.704E-08
2.835E-08
3.123E-08
3.082E-08
3.09E-08
2.804E-08
2.89E-08
3.086E-08
2.791E-08
2.748E-08
3.044E-08
3.087E-08
3.094E-08
2.937E-08
3.051E-08
3.221E-08
3.409E-08
3.468E-08
3.178E-08
3.392E-08
3.558E-08
3.44E-08
3.415E-08
3.414E-08
3.455E-08
3.497E-08
3.538E-08
3.867E-08
4.207E-08
3.852E-08
3.651E-08
3.646E-08
3.806E-08
4.033E-08
4.217E-08
4.207E-08
4.162E-08
4.095E-08
3.947E-08
4.023E-08
4.312E-08
4.307E-08
4.069E-08
4.104E-08
4.374E-08
4.373E-08
4.296E-08
4.271E-08
4.404E-08
4.622E-08
4.485E-08
4.372E-08
4.369E-08
4.389E-08
4.351E-08
4.169E-08
4.112E-08
4.198E-08
4.369E-08
4.476E-08
4.466E-08
4.433E-08
4.455E-08
4.495E-08
4.476E-08
4.415E-08
4.367E-08
4.353E-08
4.357E-08
4.341E-08
4.348E-08
4.35E-08
4.368E-08
4.376E-08
4.437E-08
4.568E-08
4.794E-08
4.902E-08
4.767E-08
4.435E-08
0.000000041
4.049E-08
4.317E-08
4.698E-08
4.944E-08
4.831E-08
4.501E-08
4.322E-08
4.412E-08
4.578E-08
4.666E-08
4.615E-08
4.617E-08
4.759E-08
4.974E-08
5.043E-08
4.85E-08
4.519E-08
4.258E-08
4.229E-08
4.434E-08
4.726E-08
4.921E-08
4.892E-08
4.747E-08
4.611E-08
4.533E-08
4.433E-08
4.431E-08
4.571E-08
4.832E-08
5.039E-08
5.112E-08
4.958E-08
4.597E-08
4.214E-08
4.154E-08
4.481E-08
5.015E-08
5.294E-08
5.184E-08
4.665E-08
4.337E-08
4.463E-08
4.722E-08
4.769E-08
4.609E-08
4.499E-08
4.576E-08
4.667E-08
4.683E-08
4.547E-08
4.524E-08
4.653E-08
4.788E-08
4.763E-08
4.57E-08
4.399E-08
4.376E-08
4.465E-08
4.561E-08
4.538E-08
4.409E-08
4.286E-08
4.301E-08
4.405E-08
4.504E-08
4.485E-08
4.436E-08
4.451E-08
4.496E-08
4.44E-08
4.325E-08
4.313E-08
4.333E-08
4.42E-08
4.55E-08
4.587E-08
4.525E-08
4.388E-08
4.213E-08
4.212E-08
4.389E-08
4.544E-08
4.544E-08
4.421E-08
4.293E-08
4.246E-08
4.29E-08
4.411E-08
4.519E-08
4.506E-08
4.434E-08
4.34E-08
4.293E-08
4.352E-08
4.366E-08
4.369E-08
4.505E-08
4.544E-08
4.482E-08
4.369E-08
4.271E-08
4.25E-08
4.247E-08
4.249E-08
4.319E-08
4.303E-08
4.303E-08
4.326E-08
4.407E-08
4.383E-08
4.205E-08
4.037E-08
4.122E-08
4.31E-08
4.435E-08
4.338E-08
4.305E-08
4.228E-08
4.279E-08
4.185E-08
4.053E-08
4.02E-08
4.014E-08
4.063E-08
4.167E-08
4.201E-08
4.013E-08
3.85E-08
3.824E-08
3.806E-08
3.749E-08
3.738E-08
3.779E-08
3.828E-08
3.98E-08
0.000000041
4.02E-08
3.798E-08
3.535E-08
3.472E-08
3.622E-08
3.773E-08
3.78E-08
3.755E-08
3.664E-08
3.538E-08
3.369E-08
3.381E-08
3.418E-08
3.468E-08
3.506E-08
3.419E-08
3.346E-08
3.208E-08
3.125E-08
3.188E-08
3.243E-08
3.225E-08
3.166E-08
3.151E-08
3.155E-08
3.155E-08
3.147E-08
3.156E-08
3.17E-08
3.107E-08
3.031E-08
3.013E-08
3.013E-08
3.018E-08
3.001E-08
2.933E-08
2.825E-08
2.744E-08
2.755E-08
2.78E-08
2.716E-08
2.653E-08
2.595E-08
2.593E-08
2.623E-08
2.603E-08
2.625E-08
2.565E-08
2.524E-08
2.591E-08
2.639E-08
2.602E-08
2.512E-08
2.433E-08
2.391E-08
2.373E-08
2.407E-08
2.437E-08
2.409E-08
2.341E-08
2.328E-08
2.353E-08
2.34E-08
2.348E-08
2.345E-08
2.275E-08
2.222E-08
2.214E-08
2.25E-08
2.248E-08
2.228E-08
2.224E-08
2.198E-08
2.161E-08
2.182E-08
2.206E-08
2.162E-08
2.12E-08
2.124E-08
2.086E-08
2.12E-08
2.125E-08
2.075E-08
2.049E-08
2.03E-08
2.075E-08
2.088E-08
2.089E-08
2.076E-08
2.05E-08
2.036E-08
2.019E-08
1.994E-08
2.012E-08
1.995E-08
2.029E-08
2.01E-08
2.028E-08
2.006E-08
2.003E-08
1.982E-08
1.981E-08
1.964E-08
1.976E-08
1.978E-08
1.979E-08
2.002E-08
1.989E-08
2.019E-08
2.013E-08
2.003E-08
2.005E-08
1.993E-08
2.011E-08
2.012E-08
2.017E-08
1.96E-08
1.942E-08
1.951E-08
1.974E-08
1.964E-08
1.967E-08
1.964E-08
1.982E-08
1.969E-08
1.928E-08
1.898E-08
1.885E-08
1.872E-08
1.893E-08
1.899E-08
1.878E-08
1.866E-08
1.883E-08
1.885E-08
1.883E-08
1.875E-08
1.842E-08
1.821E-08
1.815E-08
1.837E-08
1.846E-08
1.838E-08
1.82E-08
1.815E-08
1.822E-08
1.824E-08
1.809E-08
1.873E-08
1.944E-08
1.899E-08
1.83E-08
1.844E-08
1.817E-08
1.844E-08
0.000000018
1.797E-08
1.767E-08
1.811E-08
1.796E-08
1.809E-08
1.839E-08
1.825E-08
1.833E-08
1.831E-08
1.805E-08
1.77E-08
