3.328E-07
3.329E-07
3.337E-07
3.323E-07
3.391E-07
3.581E-07
3.735E-07
3.482E-07
3.895E-07
4.279E-07
4.177E-07
3.986E-07
4.106E-07
4.575E-07
4.481E-07
4.434E-07
0.000000409
4.168E-07
4.441E-07
4.031E-07
3.986E-07
4.409E-07
4.711E-07
4.457E-07
4.562E-07
4.647E-07
4.909E-07
5.162E-07
5.085E-07
4.638E-07
4.924E-07
5.166E-07
5.006E-07
4.966E-07
4.963E-07
5.032E-07
0.00000051
5.169E-07
5.634E-07
6.153E-07
5.622E-07
5.346E-07
5.327E-07
5.572E-07
5.906E-07
6.165E-07
6.156E-07
6.088E-07
5.987E-07
5.768E-07
5.871E-07
6.311E-07
0.00000063
5.963E-07
6.018E-07
6.409E-07
6.412E-07
6.277E-07
6.263E-07
6.439E-07
6.763E-07
6.562E-07
6.404E-07
6.403E-07
6.443E-07
6.389E-07
6.134E-07
6.033E-07
6.173E-07
6.423E-07
0.000000658
6.559E-07
6.502E-07
6.536E-07
6.598E-07
6.584E-07
6.503E-07
6.434E-07
0.000000641
6.412E-07
6.404E-07
6.399E-07
6.401E-07
6.429E-07
6.445E-07
0.000000652
6.731E-07
7.071E-07
0.000000724
7.035E-07
6.554E-07
6.055E-07
0.000000598
6.371E-07
6.932E-07
7.303E-07
7.146E-07
6.645E-07
6.385E-07
6.515E-07
0.000000677
6.896E-07
6.832E-07
6.825E-07
7.035E-07
7.361E-07
7.462E-07
7.173E-07
6.671E-07
6.301E-07
6.254E-07
6.554E-07
6.996E-07
7.291E-07
7.257E-07
7.044E-07
6.846E-07
6.715E-07
6.564E-07
6.544E-07
6.759E-07
7.149E-07
7.475E-07
0.000000757
7.364E-07
6.821E-07
6.275E-07
6.187E-07
6.725E-07
7.456E-07
0.000000788
7.708E-07
6.943E-07
6.453E-07
6.638E-07
0.000000703
7.103E-07
6.867E-07
6.708E-07
6.836E-07
6.987E-07
6.984E-07
6.801E-07
6.753E-07
6.936E-07
7.163E-07
7.109E-07
6.821E-07
6.575E-07
0.000000654
6.682E-07
6.817E-07
6.783E-07
6.593E-07
0.000000642
6.453E-07
6.629E-07
6.785E-07
6.756E-07
6.693E-07
6.712E-07
6.768E-07
0.000000667
6.499E-07
0.000000648
6.516E-07
6.653E-07
6.854E-07
6.886E-07
6.809E-07
6.618E-07
6.355E-07
6.357E-07
6.625E-07
6.859E-07
6.876E-07
6.705E-07
6.499E-07
6.411E-07
6.466E-07
0.000000666
6.831E-07
0.000000682
6.707E-07
6.573E-07
6.515E-07
0.000000662
6.645E-07
6.647E-07
0.000000684
6.933E-07
6.833E-07
6.675E-07
6.532E-07
6.498E-07
6.495E-07
6.498E-07
6.575E-07
6.556E-07
6.545E-07
6.576E-07
6.696E-07
6.658E-07
6.402E-07
6.162E-07
6.281E-07
6.562E-07
6.748E-07
6.642E-07
6.588E-07
6.487E-07
6.527E-07
6.379E-07
6.219E-07
6.165E-07
6.171E-07
6.248E-07
6.399E-07
6.465E-07
6.187E-07
5.928E-07
5.888E-07
5.844E-07
5.758E-07
5.753E-07
5.824E-07
5.897E-07
6.128E-07
6.323E-07
6.212E-07
5.871E-07
5.453E-07
5.342E-07
5.524E-07
5.839E-07
5.871E-07
5.857E-07
5.723E-07
5.527E-07
5.227E-07
5.232E-07
5.299E-07
5.386E-07
5.462E-07
5.331E-07
5.204E-07
4.981E-07
4.872E-07
4.963E-07
5.051E-07
5.027E-07
4.937E-07
4.914E-07
4.928E-07
4.922E-07
4.912E-07
4.941E-07
4.957E-07
4.855E-07
0.000000474
4.712E-07
4.709E-07
0.000000473
4.714E-07
4.597E-07
4.428E-07
4.285E-07
0.000000432
4.357E-07
4.287E-07
4.169E-07
4.079E-07
4.078E-07
4.145E-07
4.137E-07
4.161E-07
4.064E-07
4.016E-07
4.122E-07
4.185E-07
4.118E-07
3.987E-07
3.846E-07
3.778E-07
3.746E-07
3.801E-07
3.853E-07
3.826E-07
3.709E-07
3.712E-07
3.734E-07
3.723E-07
3.748E-07
3.731E-07
0.000000361
0.000000352
3.519E-07
3.571E-07
0.000000358
3.547E-07
3.554E-07
3.512E-07
3.448E-07
3.487E-07
3.535E-07
0.000000345
3.396E-07
0.000000343
3.325E-07
3.402E-07
3.425E-07
3.347E-07
3.311E-07
3.293E-07
3.325E-07
3.341E-07
3.362E-07
3.358E-07
3.296E-07
3.298E-07
3.276E-07
0.000000321
3.257E-07
3.227E-07
3.273E-07
3.244E-07
3.267E-07
3.269E-07
3.234E-07
3.242E-07
3.226E-07
3.195E-07
3.213E-07
3.206E-07
3.225E-07
3.274E-07
3.267E-07
3.302E-07
3.289E-07
0.000000329
0.000000326
0.000000325
3.231E-07
3.266E-07
3.244E-07
3.199E-07
3.203E-07
3.217E-07
3.227E-07
3.225E-07
0.000000324
3.233E-07
3.264E-07
3.245E-07
3.157E-07
3.131E-07
0.000000312
3.106E-07
3.125E-07
3.129E-07
3.102E-07
3.106E-07
3.143E-07
3.151E-07
3.125E-07
3.094E-07
3.052E-07
3.027E-07
0.000000302
3.048E-07
3.099E-07
3.074E-07
3.049E-07
0.000000306
3.059E-07
3.056E-07
3.051E-07
3.159E-07
3.264E-07
3.171E-07
3.061E-07
3.098E-07
0.000000308
0.000000312
3.078E-07
3.021E-07
3.005E-07
3.068E-07
3.063E-07
3.073E-07
3.146E-07
3.126E-07
3.147E-07
3.131E-07
3.064E-07
0.000000298
