7.34E-09	
7.34E-09	
7.34E-09	
7.34E-09	
7.34E-09	
7.34E-09	
7.34E-09	
7.34E-09	
7.34E-09	
7.34E-09	
7.34E-09	
7.34E-09	
7.34E-09	
7.34E-09	
7.34E-09	
7.34E-09	
6.70E-09	
7.32E-09	
6.88E-09	
7.38E-09	
7.58E-09	
6.89E-09	
6.52E-09	
7.71E-09	
7.04E-09	
6.14E-09	
6.93E-09	
7.39E-09	
7.13E-09	
7.15E-09	
6.98E-09	
6.93E-09	
7.25E-09	
6.72E-09	
6.33E-09	
6.54E-09	
6.75E-09	
6.96E-09	
9.38E-09	
7.74E-09	
6.83E-09	
7.97E-09	
9.41E-09	
8.17E-09	
7.27E-09	
8.47E-09	
8.87E-09	
8.24E-09	
8.34E-09	
9.29E-09	
9.33E-09	
8.76E-09	
9.97E-09	
9.31E-09	
9.36E-09	
9.93E-09	
9.92E-09	
9.67E-09	
9.96E-09	
1.06E-08	
9.92E-09	
9.66E-09	
1.06E-08	
1.08E-08	
1.02E-08	
1.09E-08	
1.08E-08	
1.12E-08	
1.13E-08	
1.12E-08	
1.11E-08	
1.12E-08	
1.11E-08	
1.10E-08	
1.13E-08	
1.12E-08	
1.13E-08	
1.17E-08	
1.15E-08	
1.14E-08	
1.20E-08	
1.17E-08	
1.19E-08	
1.22E-08	
1.18E-08	
1.22E-08	
1.22E-08	
1.20E-08	
1.25E-08	
1.23E-08	
1.26E-08	
1.28E-08	
1.28E-08	
1.33E-08	
1.29E-08	
1.30E-08	
1.31E-08	
1.28E-08	
1.32E-08	
1.33E-08	
1.33E-08	
1.36E-08	
1.36E-08	
1.38E-08	
1.40E-08	
1.41E-08	
1.42E-08	
1.42E-08	
1.40E-08	
1.41E-08	
1.41E-08	
1.40E-08	
1.39E-08	
1.39E-08	
1.38E-08	
1.40E-08	
1.42E-08	
1.42E-08	
1.43E-08	
1.43E-08	
1.43E-08	
1.45E-08	
1.46E-08	
1.45E-08	
1.45E-08	
1.44E-08	
1.43E-08	
1.42E-08	
1.40E-08	
1.40E-08	
1.38E-08	
1.35E-08	
1.37E-08	
1.35E-08	
1.34E-08	
1.35E-08	
1.33E-08	
1.33E-08	
1.32E-08	
1.31E-08	
1.33E-08	
1.31E-08	
1.31E-08	
1.33E-08	
1.31E-08	
1.32E-08	
1.31E-08	
1.29E-08	
1.28E-08	
1.27E-08	
1.26E-08	
1.26E-08	
1.26E-08	
1.28E-08	
1.28E-08	
1.30E-08	
1.32E-08	
1.31E-08	
1.32E-08	
1.32E-08	
1.30E-08	
1.29E-08	
1.29E-08	
1.27E-08	
1.26E-08	
1.25E-08	
1.24E-08	
1.23E-08	
1.22E-08	
1.23E-08	
1.23E-08	
1.23E-08	
1.21E-08	
1.21E-08	
1.21E-08	
1.20E-08	
1.19E-08	
1.16E-08	
1.15E-08	
1.16E-08	
1.15E-08	
1.13E-08	
1.12E-08	
1.13E-08	
1.09E-08	
1.06E-08	
1.07E-08	
1.07E-08	
1.04E-08	
1.02E-08	
1.02E-08	
1.02E-08	
1.00E-08	
9.98E-09	
9.96E-09	
9.85E-09	
9.77E-09	
9.75E-09	
9.79E-09	
9.56E-09	
9.20E-09	
9.05E-09	
9.07E-09	
9.03E-09	
9.12E-09	
9.56E-09	
9.62E-09	
9.21E-09	
8.87E-09	
8.82E-09	
8.77E-09	
8.69E-09	
8.53E-09	
8.34E-09	
8.27E-09	
8.17E-09	
7.93E-09	
7.65E-09	
7.52E-09	
7.24E-09	
6.89E-09	
6.61E-09	
6.48E-09	
6.39E-09	
6.34E-09	
6.28E-09	
6.15E-09	
6.02E-09	
5.92E-09	
5.70E-09	
5.45E-09	
5.32E-09	
5.25E-09	
5.30E-09	
5.41E-09	
5.61E-09	
5.81E-09	
5.79E-09	
5.59E-09	
5.55E-09	
5.81E-09	
6.27E-09	
6.72E-09	
6.99E-09	
7.02E-09	
6.95E-09	
6.88E-09	
6.83E-09	
6.89E-09	
6.94E-09	
7.08E-09	
7.19E-09	
7.19E-09	
7.09E-09	
7.02E-09	
6.92E-09	
6.85E-09	
6.82E-09	
6.89E-09	
6.95E-09	
6.92E-09	
6.78E-09	
6.65E-09	
6.46E-09	
6.18E-09	
5.97E-09	
5.88E-09	
5.85E-09	
5.92E-09	
5.98E-09	
6.01E-09	
5.91E-09	
5.88E-09	
5.87E-09	
5.80E-09	
5.71E-09	
5.59E-09	
5.48E-09	
5.38E-09	
5.24E-09	
5.10E-09	
4.99E-09	
4.82E-09	
4.65E-09	
4.52E-09	
4.50E-09	
4.60E-09	
4.74E-09	
4.90E-09	
5.02E-09	
5.09E-09	
5.03E-09	
5.02E-09	
4.99E-09	
4.95E-09	
4.92E-09	
4.99E-09	
5.05E-09	
5.12E-09	
5.21E-09	
5.28E-09	
5.27E-09	
5.29E-09	
5.30E-09	
5.26E-09	
5.18E-09	
5.22E-09	
5.20E-09	
5.16E-09	
5.10E-09	
5.05E-09	
4.99E-09	
4.96E-09	
4.94E-09	
4.88E-09	
4.83E-09	
4.75E-09	
4.79E-09	
4.86E-09	
4.93E-09	
0.000000005	
5.18E-09	
5.28E-09	
5.38E-09	
5.52E-09	
5.61E-09	
5.70E-09	
5.73E-09	
5.84E-09	
5.84E-09	
5.85E-09	
5.85E-09	
5.87E-09	
5.91E-09	
5.91E-09	
5.94E-09	
5.93E-09	
5.88E-09	
5.81E-09	
5.77E-09	
5.72E-09	
5.80E-09	
5.92E-09	
0.000000006	
6.05E-09	
5.99E-09	
6.08E-09	
6.01E-09	
5.98E-09	
5.88E-09	
5.87E-09	
5.92E-09	
5.91E-09	
5.99E-09	
6.05E-09	
6.13E-09	
6.17E-09	
6.17E-09	
6.26E-09	
6.27E-09	
6.28E-09	
6.25E-09	
6.25E-09	
6.20E-09	
6.20E-09	
6.20E-09	
6.20E-09	
6.21E-09	
6.13E-09	
6.10E-09	
5.99E-09	
6.01E-09	
5.91E-09	
5.89E-09	
5.84E-09	
5.83E-09	
5.81E-09	
5.79E-09	
5.61E-09	
5.67E-09	
5.72E-09	
5.75E-09	
5.83E-09	
5.80E-09	
5.86E-09	
5.89E-09	
5.97E-09	
6.09E-09	
6.21E-09	
6.26E-09	
6.29E-09	
6.32E-09	
6.32E-09	
6.30E-09	
6.28E-09	
6.21E-09	
	
	
	
	
	
	
	
	
	
	
	
	
	
	
	
	
	
	
	
	
	
	
	
	
	
	
	
	
	
	
	
	
	
	
	
	
	
	
	
	
	
	
	
	
	
	
	
	
	
	
	
	
	
	
	
	
	
