1.13E-07	
1.13E-07	
1.13E-07	
1.13E-07	
1.13E-07	
1.13E-07	
1.13E-07	
1.13E-07	
1.13E-07	
1.13E-07	
1.13E-07	
1.13E-07	
1.13E-07	
1.13E-07	
1.13E-07	
1.13E-07	
1.03E-07	
1.13E-07	
1.06E-07	
1.14E-07	
1.17E-07	
1.06E-07	
1.00E-07	
1.19E-07	
1.08E-07	
9.45E-08	
1.07E-07	
1.14E-07	
1.10E-07	
1.10E-07	
1.07E-07	
1.07E-07	
1.12E-07	
1.03E-07	
9.73E-08	
1.01E-07	
1.04E-07	
1.07E-07	
1.44E-07	
1.19E-07	
1.05E-07	
1.23E-07	
1.45E-07	
1.26E-07	
1.12E-07	
1.30E-07	
1.36E-07	
1.27E-07	
1.28E-07	
1.43E-07	
1.44E-07	
1.35E-07	
1.53E-07	
1.43E-07	
1.44E-07	
1.53E-07	
1.53E-07	
1.49E-07	
1.53E-07	
1.63E-07	
1.53E-07	
1.49E-07	
1.63E-07	
1.66E-07	
1.57E-07	
1.68E-07	
1.66E-07	
1.72E-07	
1.73E-07	
1.72E-07	
1.71E-07	
1.73E-07	
1.70E-07	
1.69E-07	
1.74E-07	
1.73E-07	
1.74E-07	
1.81E-07	
1.762E-07	
1.76E-07	
1.84E-07	
1.80E-07	
1.83E-07	
1.88E-07	
1.82E-07	
1.88E-07	
1.87E-07	
1.84E-07	
1.92E-07	
1.90E-07	
1.94E-07	
1.97E-07	
1.96E-07	
2.04E-07	
1.99E-07	
2.00E-07	
2.02E-07	
1.98E-07	
2.02E-07	
2.04E-07	
2.04E-07	
2.09E-07	
2.10E-07	
2.13E-07	
2.15E-07	
2.17E-07	
2.19E-07	
2.18E-07	
2.16E-07	
2.16E-07	
2.16E-07	
2.146E-07	
2.14E-07	
2.13E-07	
2.13E-07	
2.16E-07	
2.18E-07	
2.18E-07	
2.20E-07	
2.20E-07	
2.20E-07	
2.23E-07	
2.24E-07	
2.22E-07	
2.24E-07	
2.22E-07	
2.19E-07	
2.18E-07	
2.16E-07	
2.15E-07	
2.12E-07	
2.08E-07	
2.10E-07	
2.08E-07	
2.07E-07	
2.07E-07	
2.04E-07	
2.05E-07	
2.03E-07	
2.01E-07	
2.04E-07	
2.01E-07	
2.02E-07	
2.04E-07	
0.000000202	
2.03E-07	
2.01E-07	
1.983E-07	
1.97E-07	
1.95E-07	
1.943E-07	
1.94E-07	
1.94E-07	
1.96E-07	
1.97E-07	
2.00E-07	
2.02E-07	
2.01E-07	
2.03E-07	
2.03E-07	
2.00E-07	
1.98E-07	
1.98E-07	
1.95E-07	
1.93E-07	
1.93E-07	
1.91E-07	
1.887E-07	
1.88E-07	
1.89E-07	
1.90E-07	
1.89E-07	
1.87E-07	
1.85E-07	
1.86E-07	
1.847E-07	
1.82E-07	
1.79E-07	
1.77E-07	
1.78E-07	
1.77E-07	
1.73E-07	
1.72E-07	
1.74E-07	
1.68E-07	
1.63E-07	
1.65E-07	
1.643E-07	
1.59E-07	
1.57E-07	
1.58E-07	
1.56E-07	
1.542E-07	
1.53E-07	
1.53E-07	
1.52E-07	
1.50E-07	
1.50E-07	
1.51E-07	
1.47E-07	
1.42E-07	
1.392E-07	
1.40E-07	
1.39E-07	
1.40E-07	
1.47E-07	
1.48E-07	
1.42E-07	
1.36E-07	
1.36E-07	
1.349E-07	
1.34E-07	
1.31E-07	
1.28E-07	
1.271E-07	
1.26E-07	
1.22E-07	
1.18E-07	
1.156E-07	
1.11E-07	
1.06E-07	
1.02E-07	
9.97E-08	
9.83E-08	
9.76E-08	
9.66E-08	
9.47E-08	
9.26E-08	
0.000000091	
8.77E-08	
8.38E-08	
8.18E-08	
8.08E-08	
8.15E-08	
8.31E-08	
8.63E-08	
8.93E-08	
8.91E-08	
0.000000086	
8.53E-08	
8.93E-08	
9.64E-08	
1.03E-07	
1.08E-07	
1.08E-07	
1.07E-07	
1.06E-07	
1.05E-07	
1.06E-07	
1.07E-07	
1.09E-07	
1.11E-07	
1.11E-07	
1.09E-07	
1.079E-07	
1.06E-07	
1.053E-07	
1.05E-07	
1.06E-07	
1.07E-07	
1.06E-07	
1.04E-07	
1.022E-07	
9.93E-08	
9.50E-08	
9.19E-08	
9.04E-08	
8.99E-08	
9.10E-08	
9.19E-08	
9.24E-08	
9.10E-08	
9.04E-08	
9.03E-08	
8.92E-08	
8.78E-08	
8.60E-08	
8.43E-08	
8.27E-08	
8.06E-08	
7.85E-08	
7.67E-08	
7.41E-08	
7.14E-08	
6.95E-08	
6.92E-08	
7.07E-08	
7.29E-08	
7.54E-08	
7.71E-08	
7.82E-08	
7.73E-08	
7.72E-08	
7.67E-08	
7.61E-08	
7.57E-08	
7.67E-08	
7.76E-08	
7.87E-08	
8.02E-08	
8.12E-08	
8.11E-08	
8.13E-08	
8.15E-08	
8.09E-08	
7.96E-08	
8.03E-08	
8.00E-08	
7.93E-08	
7.84E-08	
7.76E-08	
7.67E-08	
7.63E-08	
7.60E-08	
7.50E-08	
7.42E-08	
7.31E-08	
7.36E-08	
7.47E-08	
7.59E-08	
7.69E-08	
7.96E-08	
8.11E-08	
8.28E-08	
8.50E-08	
8.63E-08	
8.76E-08	
8.82E-08	
8.98E-08	
8.98E-08	
9.00E-08	
9.00E-08	
9.02E-08	
9.08E-08	
9.09E-08	
9.14E-08	
9.12E-08	
9.04E-08	
8.93E-08	
8.87E-08	
8.80E-08	
8.92E-08	
9.10E-08	
9.23E-08	
9.30E-08	
9.21E-08	
9.35E-08	
9.24E-08	
9.20E-08	
9.04E-08	
9.02E-08	
9.11E-08	
9.09E-08	
9.21E-08	
9.31E-08	
9.42E-08	
9.48E-08	
9.49E-08	
9.62E-08	
9.64E-08	
9.65E-08	
9.61E-08	
9.60E-08	
9.54E-08	
9.54E-08	
9.53E-08	
9.54E-08	
9.54E-08	
9.43E-08	
9.38E-08	
9.22E-08	
9.24E-08	
9.09E-08	
9.06E-08	
8.98E-08	
8.96E-08	
8.94E-08	
8.90E-08	
8.63E-08	
8.72E-08	
8.79E-08	
8.84E-08	
8.96E-08	
8.92E-08	
9.01E-08	
9.05E-08	
9.18E-08	
9.36E-08	
9.55E-08	
9.62E-08	
9.67E-08	
9.71E-08	
9.72E-08	
9.69E-08	
9.66E-08	
9.55E-08	
	
	
	
	
	
	
	
	
	
	
	
	
	
	
	
	
	
	
	
	
	
	
	
	
	
	
	
	
	
	
	
	
	
	
	
	
	
	
	
	
	
	
	
	
	
	
	
	
	
	
	
	
	
	
	
	
	
