4.33E-08	
4.33E-08	
4.33E-08	
4.33E-08	
4.33E-08	
4.33E-08	
4.33E-08	
4.33E-08	
4.33E-08	
4.33E-08	
4.33E-08	
4.33E-08	
4.33E-08	
4.33E-08	
4.33E-08	
4.33E-08	
4.42E-08	
4.50E-08	
4.59E-08	
4.67E-08	
4.76E-08	
4.85E-08	
4.93E-08	
5.02E-08	
5.10E-08	
5.19E-08	
5.28E-08	
5.36E-08	
5.45E-08	
5.53E-08	
5.62E-08	
5.71E-08	
5.79E-08	
5.88E-08	
5.96E-08	
6.05E-08	
6.06E-08	
6.07E-08	
6.08E-08	
6.09E-08	
0.000000061	
6.11E-08	
6.12E-08	
6.13E-08	
6.14E-08	
6.15E-08	
6.16E-08	
6.17E-08	
6.18E-08	
6.19E-08	
0.000000062	
6.21E-08	
6.22E-08	
6.23E-08	
6.24E-08	
6.25E-08	
6.26E-08	
6.28E-08	
6.29E-08	
6.30E-08	
6.32E-08	
6.33E-08	
6.34E-08	
6.35E-08	
6.37E-08	
6.38E-08	
6.39E-08	
6.41E-08	
6.42E-08	
6.43E-08	
6.45E-08	
6.46E-08	
6.47E-08	
6.48E-08	
6.50E-08	
6.51E-08	
6.48E-08	
6.45E-08	
6.41E-08	
6.38E-08	
6.35E-08	
6.32E-08	
6.28E-08	
6.25E-08	
6.22E-08	
6.19E-08	
6.15E-08	
6.12E-08	
6.09E-08	
6.06E-08	
6.02E-08	
5.99E-08	
5.96E-08	
5.93E-08	
5.89E-08	
5.86E-08	
5.89E-08	
5.92E-08	
5.96E-08	
5.99E-08	
6.02E-08	
6.05E-08	
6.08E-08	
6.11E-08	
6.14E-08	
6.18E-08	
6.21E-08	
6.24E-08	
6.27E-08	
6.30E-08	
6.33E-08	
6.36E-08	
6.40E-08	
6.43E-08	
6.46E-08	
6.49E-08	
6.50E-08	
6.51E-08	
6.53E-08	
6.54E-08	
6.55E-08	
6.56E-08	
6.57E-08	
6.59E-08	
6.60E-08	
6.61E-08	
6.62E-08	
6.63E-08	
6.65E-08	
6.66E-08	
6.67E-08	
6.68E-08	
6.69E-08	
6.71E-08	
6.72E-08	
6.73E-08	
6.72E-08	
6.71E-08	
6.69E-08	
6.68E-08	
6.67E-08	
6.66E-08	
6.65E-08	
6.63E-08	
6.62E-08	
6.61E-08	
6.60E-08	
6.59E-08	
6.57E-08	
6.56E-08	
6.55E-08	
6.54E-08	
6.53E-08	
6.51E-08	
6.50E-08	
6.49E-08	
6.49E-08	
6.49E-08	
6.49E-08	
6.49E-08	
6.49E-08	
6.49E-08	
6.49E-08	
6.49E-08	
6.49E-08	
6.49E-08	
6.49E-08	
6.49E-08	
6.49E-08	
6.49E-08	
6.49E-08	
6.49E-08	
6.49E-08	
6.49E-08	
6.49E-08	
6.49E-08	
6.46E-08	
6.43E-08	
6.40E-08	
6.37E-08	
6.35E-08	
6.32E-08	
6.29E-08	
6.26E-08	
6.23E-08	
0.000000062	
6.17E-08	
6.14E-08	
6.11E-08	
6.08E-08	
6.06E-08	
6.03E-08	
6.00E-08	
5.97E-08	
5.94E-08	
5.91E-08	
5.86E-08	
5.81E-08	
5.76E-08	
5.71E-08	
5.66E-08	
5.61E-08	
5.56E-08	
5.51E-08	
5.47E-08	
5.42E-08	
5.37E-08	
5.32E-08	
5.27E-08	
5.22E-08	
5.17E-08	
5.12E-08	
5.07E-08	
5.02E-08	
4.97E-08	
4.92E-08	
4.94E-08	
4.96E-08	
4.98E-08	
5.00E-08	
5.02E-08	
5.04E-08	
5.06E-08	
5.08E-08	
5.10E-08	
5.13E-08	
5.15E-08	
5.17E-08	
5.19E-08	
5.21E-08	
5.23E-08	
5.25E-08	
5.27E-08	
5.29E-08	
5.31E-08	
5.33E-08	
5.37E-08	
5.42E-08	
5.46E-08	
5.51E-08	
5.55E-08	
5.59E-08	
5.64E-08	
5.68E-08	
5.73E-08	
5.77E-08	
5.81E-08	
5.86E-08	
5.90E-08	
5.95E-08	
5.99E-08	
6.03E-08	
6.08E-08	
6.12E-08	
6.17E-08	
6.21E-08	
6.21E-08	
6.21E-08	
6.21E-08	
6.20E-08	
6.20E-08	
6.20E-08	
0.000000062	
6.20E-08	
6.20E-08	
6.20E-08	
6.19E-08	
6.19E-08	
6.19E-08	
6.19E-08	
6.19E-08	
6.19E-08	
6.18E-08	
6.18E-08	
6.18E-08	
6.18E-08	
6.18E-08	
6.17E-08	
6.17E-08	
6.17E-08	
6.17E-08	
6.16E-08	
6.16E-08	
6.16E-08	
6.15E-08	
6.15E-08	
6.15E-08	
6.14E-08	
6.14E-08	
6.14E-08	
6.14E-08	
6.13E-08	
6.13E-08	
6.13E-08	
6.12E-08	
6.12E-08	
6.15E-08	
6.17E-08	
6.20E-08	
6.23E-08	
6.26E-08	
6.28E-08	
6.31E-08	
6.34E-08	
6.36E-08	
6.39E-08	
6.42E-08	
6.44E-08	
6.47E-08	
6.50E-08	
6.53E-08	
6.55E-08	
6.58E-08	
6.61E-08	
6.63E-08	
6.66E-08	
6.67E-08	
6.68E-08	
6.69E-08	
6.71E-08	
6.72E-08	
6.73E-08	
6.74E-08	
6.75E-08	
6.76E-08	
6.78E-08	
6.79E-08	
6.80E-08	
6.81E-08	
6.82E-08	
6.83E-08	
6.84E-08	
6.86E-08	
6.87E-08	
6.88E-08	
6.89E-08	
6.91E-08	
6.93E-08	
6.95E-08	
6.97E-08	
6.99E-08	
7.00E-08	
7.02E-08	
7.04E-08	
7.06E-08	
7.08E-08	
7.10E-08	
7.12E-08	
7.14E-08	
7.16E-08	
7.18E-08	
7.19E-08	
7.21E-08	
7.23E-08	
7.25E-08	
7.27E-08	
7.30E-08	
7.32E-08	
7.35E-08	
7.38E-08	
7.40E-08	
7.43E-08	
7.46E-08	
7.48E-08	
7.51E-08	
7.54E-08	
7.56E-08	
7.59E-08	
7.61E-08	
7.64E-08	
7.67E-08	
7.69E-08	
7.72E-08	
7.75E-08	
7.77E-08	
0.000000078	
7.82E-08	
7.85E-08	
7.87E-08	
7.89E-08	
7.92E-08	
7.94E-08	
7.97E-08	
7.99E-08	
8.01E-08	
8.04E-08	
8.06E-08	
8.08E-08	
8.11E-08	
8.13E-08	
8.15E-08	
8.18E-08	
0.000000082	
8.22E-08	
8.25E-08	
8.27E-08	
	
	
	
	
	
	
	
	
	
	
	
	
	
	
	
	
	
	
	
	
	
	
	
	
	
	
	
	
	
	
	
	
	
	
	
	
	
	
	
	
	
	
	
	
	
	
	
	
	
	
	
	
	
	
	
	
	
